1. 51.458333333333336
2. 875
3. 2550.2337662337663
4. 5432
5. 28.0
6. 56.0
7. 525.3510638297872
8. 1.4042553191489362
9. 205
10. 128
11. 107
12. 29.23076923076923
13. 1523
14. 3486
15. 49.125
16. 4539
17. 1.8181818181818181
18. 980
19. 89
20. 112.33333333333333
21. 602
22. 3422.230769230769
23. 26
24. 2762.5
25. 1176.2631578947369
26. 447
27. 29
28. 8439
29. 41
30. 8.0
31. 0.003993422598073761
32. 157
33. 8811
34. 0.010283925776883524
35. 5.974358974358978
36. 295
37. 3261
38. 38.78651685393258
39. 23.92982456140351
40. 950
41. 2136
42. 687
43. 27.382775119617225
44. 150
45. 262.10526315789474
46. 53.205128205128204
47. 93.96296296296296
48. 3.764705882352941
49. 102
50. 101
51. 5245
52. 0.00015605875152998778
53. 44
54. 83
55. 3436
56. 144.45
57. 0.17708333333333334
58. 2016
59. 61.02439024390244
60. 24.195652173913043
61. 177.14893617021278
62. 1422
63. 57
64. 80
65. 67.4
66. 98.95294117647059
67. 0
68. 0.9484536082474226
69. 1.2
70. 132
71. 0.5862068965517241
72. 2.0255681818181817
73. 0.2
74. 14047
75. 6.4
76. 858
77. 180
78. 2
79. 35.5
80. 4631
81. 1.380952380952381
82. 684
83. 61.714285714285715
84. 85.76470588235294
85. 51.95522388059702
86. 0.9874551971326164
87. 2.121212121212121
88. 167
89. 0.43333333333333335
90. 56.10353535353536
91. 0.0007128218836318275
92. 83
93. 42377.6
94. 100.9
95. 126976
96. 45.76470588235294
97. 82
98. 0.5
99. 3.8863636363636362
100. 5240.0
101. 104.0
102. 0.07692307692307693
103. 6153
104. 43
105. 40800
106. 57
107. 3120
108. 230
109. 1308
110. 302
111. 1.5
112. 1816
113. 65.66666666666667
114. 139272
115. 6450
116. 80
117. 4550
118. 0.0024661654135338345
119. 126
120. 0.48148148148148145
121. 86.87755102040816
122. 0.31666666666666665
123. 2.8254219409282704
124. 184
125. 117.0
126. 88.6470588235294
127. 910
128. 116
129. 256
130. 18.046875
131. 121.31578947368422
132. 8.085106382978724
133. 23.5625
134. 1449
135. 70.01231935560294
136. 0.22807017543859648
137. 97.06073153899241
138. 73.38461538461539
139. 152996
140. 19.191489361702125
141. 43
142. 31.464285714285715
143. 97
144. 869.39
145. 4900
146. 95
147. 94
148. 30.620689655172413
149. 147.75
150. 70.49122807017544
151. 135
152. 64.58823529411765
153. 134.15151515151516
154. 73.03213610586012
155. 86.37142857142857
156. 0.5
157. 37.435483870967744
158. 0.02831196581196581
159. 119
160. 577
161. 100
162. 151
163. 154527
164. 965
165. 127
166. 3404
167. 17
168. 0.015000000000000001
169. 332
170. 742
171. 2910.714285714286
172. 26
173. 81.98684210526316
174. 2207
175. 3828
176. 127
177. 5848
178. 194
179. 2514
180. 1437
181. 51.35483870967742
182. 0.10526315789473684
183. 0.203125
184. 82
185. 147
186. 7980
187. 63.32727272727273
188. 535.2285714285714
189. 27
190. 50.906666666666666
191. 7135
192. 624
193. 24.0
194. 169
195. 0.7878787878787878
196. 4000.919540229885
197. 106
198. 6059
199. 28.703703703703702
200. 84.99731182795699
201. 2.0
202. 98.18181818181819
203. 47
204. 147.28
205. 73.04878048780488
206. 12.0
207. 19.75
208. 3.076923076923077
209. 86.15384615384616
210. 10891
211. 62.84615384615385
212. 179
213. 1142
214. 177
215. 1529
216. 8600
217. 1204
218. 0.175
219. 100188
220. 18.0
221. 1326
222. 273
223. 73.35555555555555
224. 3670
225. 18.232323232323232
226. 4.583333333333333
227. 6208
228. 0.7608695652173914
229. 14
230. 0.2413793103448276
231. 55.52173913043478
232. 6960
233. 7574
234. 80.25274725274726
235. 810
236. 3329
237. 37
238. 126
239. 2.090909090909091
240. 4.173913043478261
241. 171
242. 5.101714285714285
243. 156
244. 178.0
245. 10710
246. 139
247. 1750
248. 1
249. 124
250. 93
251. 60
252. 28.0
253. 38.29213483146067
254. 100.48484848484848
255. 0.696969696969697
256. 3276
257. 85.5
258. 29.90909090909091
259. 2596.5263157894738
260. 63.75
261. 41.631578947368425
262. 37700
263. 5182
264. 1347
265. 72
266. 48.46666666666667
267. 396
268. 323
269. 161
270. 869.0
271. 3539
272. 95
273. 2.8947368421052633
274. 44
275. 81
276. 0.04307692307692308
277. 18941
278. 90
279. 2200
280. 31.642857142857142
281. 0.03021978021978022
282. 4475
283. 67.99612403100775
284. 92
285. 0.00497991967871486
286. 3.128205128205128
287. 1.0
288. 3273
289. 91.47916666666667
290. 116.23333333333333
291. 72
292. 868
293. 62.111111111111114
294. 5017
295. 32.64
296. 2145.6666666666665
297. 210.0810810810811
298. 36975
299. 6.176470588235294
300. 1188
301. 32.22222222222222
302. 62.958333333333336
303. 9.411764705882348
304. 180
305. 0.012848551120831055
306. 46.71666666666667
307. 97.71428571428571
308. 1.346938775510204
309. 5
310. 22.35185185185185
311. 0.8412698412698413
312. 0.18947368421052632
313. 2665
314. 149
315. 0.03389830508474576
316. 157
317. 450
318. 0.0010508617065994115
319. 0.11781609195402298
320. 105.3157894736842
321. 84
322. 234
323. 985
324. 4185
325. 67
326. 35
327. 1.0
328. 123
329. 69
330. 1286
331. 156
332. 76.16666666666667
333. 166
334. 5762
335. 146
336. 6424
337. 57.00455696202532
338. 139
339. 1817.4556962025317
340. 174900
341. 0.10588235294117647
342. 0.3287671232876712
343. 226
344. 0.41818181818181815
345. 1342
346. 39732
347. 3.4009146341463414
348. 88
349. 0.7244897959183674
350. 705
351. 1843
352. 114
353. 1495
354. 93
355. 53043
356. 1.849056603773585
357. 42.9873417721519
358. 28.095238095238095
359. 379.4318181818182
360. 4.461538461538462
361. 1.0952380952380953
362. 17.475
363. 197
364. 821
365. 100.0
366. 125
367. 166
368. 3
369. 330
370. 1.9569336778639104
371. 153
372. 99
373. 550
374. 3360
375. 118
376. 925
377. 52.375
378. 2498
379. 3.640449438202247
380. 0.8333333333333334
381. 44.26086956521739
382. 127.44615384615385
383. 270
384. 8713
385. 1645
386. 2553
387. 0.7183673469387756
388. 62
389. 12
390. 53
391. 1.5714285714285714
392. 260820
393. 97
394. 45.68181818181818
395. 67706
396. 11.18867924528302
397. 1257
398. 291
399. 0.16666666666666666
400. 1.6923076923076923
401. 37.51162790697674
402. 935
403. 72.05882352941177
404. 86
405. 561
406. 0.7368421052631579
407. 0.19344827586206895
408. 9.92134831460674
409. 154
410. 0.0743801652892562
411. 909
412. 339
413. 4.906666666666667
414. 3700
415. 9.300595238095238e-05
416. 3.7093023255813953
417. 1.8
418. 10
419. 41
420. 228.68571428571428
421. 96.00933908045977
422. 24.881720430107528
423. 0.21428571428571427
424. 68.17045454545455
425. 7110
426. 15.857142857142858
427. 1.5263157894736843
428. 61.86666666666667
429. 8.20603459159197e-05
430. 2.545
431. 25.03448275862069
432. 34
433. 14.864864864864865
434. 251
435. 19
436. 1.3928571428571428
437. 12.807692307692307
438. 1.45
439. 4525
440. 203.47058823529412
441. 58.0
442. 33.43333333333333
443. 139.51063829787233
444. 172.8
445. 6928
446. 6.4807692307692335
447. 31
448. 136
449. 51.578947368421055
450. 101.24074074074075
451. 153
452. 866.0
453. 1344672
454. 32.57377049180328
455. 114
456. 45
457. 2904
458. 2.2857142857142856
459. 119
460. 3008
461. 7428
462. 43
463. 0.046153846153846156
464. 0.5121951219512195
465. 66.66666666666667
466. 2453
467. 2937
468. 78
469. 191400
470. 174
471. 1.9473684210526316
472. 43
473. 70
474. 13
475. 6825
476. 8008
477. 1.1025641025641026
478. 142.22222222222223
479. 89.22222222222223
480. 201
481. 126
482. 1864
483. 630
484. 59
485. 5162
486. 399000.0
487. 82.1304347826087
488. 72.92307692307692
489. 2400
490. 161
491. 24.08108108108108
492. 172
493. 47.24285714285714
494. 33.125
495. 103
496. 4277
497. 23
498. 150.55421686746988
499. 0.11807580174927114
500. 40.03225806451613
501. 0.36585365853658536
502. 1233
503. 6250
504. 0.7216494845360825
505. 638
506. 50616
507. 93.45070422535211
508. 1600
509. 72.92307692307692
510. 38
511. 133
512. 3341
513. 1530
514. 1348
515. 72
516. 65
517. 1493
518. 44
519. 2.4838709677419355
520. 93
521. 1200
522. 3.2
523. 71.0110693400167
524. 122400
525. 0.4222222222222222
526. 58
527. 412
528. 9.9
529. 144
530. 134
531. 3245
532. 3.6363636363636367
533. 118.93333333333334
534. 4308
535. 2436
536. 1060
537. 50
538. 4.555555555555555
539. 28
540. 120.21428571428572
541. 2.8710725893824485
542. 51
543. 496
544. 10.5
545. 73
546. 53.696969696969695
547. 122
548. 73.98474178403755
549. 211715
550. 45.62162162162162
551. 1.4
552. 191
553. 0.0989
554. 100754
555. 0.2988505747126437
556. 2170
557. 8.38095238095238
558. 51
559. 29.045959595959594
560. 110.10606060606061
561. 131.86764705882354
562. 60
563. 73
564. 6204
565. 909
566. 78.0
567. 4.1865152344299014e-05
568. 0.4414414414414415
569. 28.725
570. 3.6538461538461537
571. 1
572. 0.95
573. 63.642857142857146
574. 109
575. 97.29629629629629
576. 1478
577. 235
578. 270.0
579. 1.6470588235294117
580. 1824
581. 1.826086956521739
582. 32.4
583. 1.9534883720930232
584. 114.96842105263158
585. 4828
586. 3380
587. 4802
588. 19
589. 75.52631578947368
590. 170
591. 95.05111111111111
592. 534
593. 48
594. 34.199999999999996
595. 56
596. 202.14285714285714
597. 35
598. 0.6907216494845361
599. 0.0005346385542168674
600. 44
601. 98
602. 75.77777777777777
603. 0.8387096774193549
604. 79.83333333333333
605. 4453
606. 147
607. 94
608. 12.81159420289855
609. 349419
610. 0.7727272727272663
611. 7900
612. 16.871794871794872
613. 25.448275862068968
614. 25.96
615. 87.0
616. 46
617. 49
618. 120511
619. 57
620. 0.9036144578313253
621. 122
622. 50.526315789473685
623. 51.666666666666664
624. 49
625. 81.07317073170732
626. 71
627. 129
628. 42.53164556962025
629. 3
630. 13009.636363636364
631. 31
632. 1331
633. 40.875
634. 1.024390243902439
635. 720
636. 11.864721485411142
637. 5244.0
638. 19.333333333333332
639. 5.916666666666667
640. 555
641. 3672
642. 7300
643. 2312
644. 4271
645. 630
646. 130
647. 187
648. 41
649. 0.9302325581395349
650. 567840
651. 67.64285714285714
652. 196
653. 62
654. 82
655. 540
656. 680
657. 138
658. 1.2567567567567568
659. 99.35714285714286
660. 99
661. 1412
662. 1115
663. 7479
664. 44
665. 3680.0
666. 42.76
667. 932
668. 408226
669. 0.9310344827586207
670. 28
671. 1072
672. 3833
673. 40.79545454545455
674. 26
675. 58.31914893617021
676. 850
677. 1900
678. 1.1428571428571428
679. 3965
680. 244
681. 1.2063492063492063
682. 78
683. 1650
684. 1
685. 5372
686. 92.01220865704772
687. 0.0029069767441860465
688. 44.97845291962939
689. 49
690. 122
691. 12716700
692. 488
693. 45
694. 4482
695. 0.17857142857142858
696. 1089.0
697. 40
698. 6741.428571428572
699. 74
700. 198
701. 121
702. 157
703. 52.714285714285715
704. 1.6862745098039216
705. 100.33333333333333
706. 0.7007407407407407
707. 1077
708. 117
709. 0.9880952380952381
710. 4229.265306122449
711. 295.6521739130435
712. 130
713. 43.0655737704918
714. 13
715. 26
716. 13.53846153846154
717. 230
718. 0.03320802005012531
719. 143
720. 26
721. 4284
722. 4590
723. 86.65957446808511
724. 10
725. 4560
726. 164
727. 0.813953488372093
728. 25568
729. 8697
730. 101.33333333333333
731. 0.015873015873015872
732. 2050.2127659574467
733. 61
734. 2944
735. 81
736. 31.770491803278688
737. 42
738. 102916
739. 13.999188311688311
740. 58.28846153846154
741. 4.086956521739131
742. 131.0
743. 67
744. 126
745. 6899
746. 118
747. 53.0
748. 66.83333333333333
749. 27
750. 474
751. 71
752. 107.69411764705882
753. 1776
754. 5686
755. 0.06754032258064516
756. 6.035087719298246
757. 2829
758. 77
759. 201
760. 1935
761. 4268
762. 0.8888888888888888
763. 474082
764. 161
765. 77.23076923076923
766. 53.41935483870968
767. 42.816901408450704
768. 206
769. 56
770. 1813
771. 85
772. 42660
773. 1.477067977067977
774. 690088
775. 0.00011859149790184274
776. 114.79166666666667
777. 23.703125
778. 67.94827586206897
779. 2040
780. 218.5
781. 3.0137362637362637
782. 361
783. 1.5060240963855422
784. 128
785. 10.191919191919192
786. 2847
787. 21.14245014245014
788. 162.0
789. 5
790. 0.2127659574468085
791. 12150
792. 128
793. 340777
794. 5658
795. 1105.1666666666667
796. 49
797. 480600
798. 32
799. 0.04988262910798122
800. 7373.333333333333
801. 51.6
802. 59
803. 1607
804. 156
805. 71.26315789473684
806. 141
807. 54
808. 28
809. 5225
810. 0.16239892183288412
811. 93
812. 1905
813. 1105
814. 124
815. 1081
816. 78.58181818181818
817. 0.04029304029304029
818. 87.01747311827957
819. 165.8494623655914
820. 50.95652173913044
821. 32
822. 36
823. 61.55813953488372
824. 52
825. 3.0819397993311037
826. 2.526535480023852
827. 1.7142857142857142
828. 41580
829. 126
830. 973
831. 108
832. 8.617021276595745
833. 9.438202247191015
834. 80
835. 278.7777777777778
836. 117390
837. 3133
838. 6.779220779220779
839. 186
840. 447
841. 32465
842. 155
843. 108
844. 4612
845. 1181.3333333333333
846. 89903
847. 601.0232558139536
848. 160
849. 2.0
850. 8390
851. 1069
852. 2541
853. 66.58928571428571
854. 149
855. 31.34090909090909
856. 20.696969696969703
857. 930
858. 113
859. 1932.0
860. 117
861. 79
862. 52.04010695187166
863. 621
864. 0.14884696016771487
865. 88
866. 350
867. 189
868. 204
869. 5283
870. 154962
871. 3.2
872. 67.65
873. 5728
874. 150
875. 25
876. 928
877. 181.44871794871796
878. 72.36458333333333
879. 0.6041666666666666
880. 119.16666666666666
881. 6271.6875
882. 846
883. 19
884. 144
885. 64584
886. 1.4821428571428572
887. 552
888. 5255
889. 815
890. 0.012452438602559669
891. 13.904761904761905
892. 59.5735294117647
893. 30.6
894. 54
895. 22680
896. 49.27272727272727
897. 6771
898. 564
899. 60.51282051282051
900. 1371
901. 10
902. 162.43548387096774
903. 0
904. 67
905. 0.24
906. 1932.0
907. 65045
908. 227
909. 1.2577639751552796
910. 89.86486486486487
911. 0.01080246913580247
912. 0.5737704918032787
913. 28
914. 0.024758454106280192
915. 23
916. 99.60240963855422
917. 34
918. 0.33333333333333326
919. 1971
920. 2752
921. 6205.915492957746
922. 30.75
923. 172
924. 320.7142857142857
925. 1014
926. 46.72727272727273
927. 2899
928. 2016
929. 6264
930. 0.4166666666666667
931. 34.98936170212766
932. 0
933. 0.6129032258064516
934. 13.338709677419354
935. 2867
936. 12.541176470588235
937. 74
938. 405
939. 94.54166666666667
940. 239
941. 55
942. 91
943. 62
944. 1.2181818181818183
945. 0.04301075268817204
946. 69.58208955223881
947. 79
948. 949
949. 77
950. 88.43636363636364
951. 32.75757575757576
952. 6716
953. 109
954. 226610
955. 184
956. 210
957. 97.89473684210526
958. 48.14935064935065
959. 2410
960. 1.1590909090909092
961. 350
962. 1.0588235294117647
963. 239
964. 26.962962962962962
965. 4344
966. 21.736842105263158
967. 56
968. 3
969. 16.0
970. 18.008116883116884
971. 5664
972. 1850
973. 0.2692307692307736
974. 46
975. 0.011695906432748537
976. 562381
977. 6105
978. 64
979. 0.042397660818713455
980. 54
981. 35
982. 99
983. 82.6
984. 1813
985. 8131
986. 2448
987. 2484
988. 1828
989. 86.8410138248848
990. 0.08344691806754505
991. 31.523809523809526
992. 1.076086956521739
993. 40.99463966646814
994. 19771.875
995. 89
996. 0.28
997. 6.6
998. 21.51578947368421
999. 4674
1000. 0.8714285714285714
